desire_tendencies:
  adventure_stimulation: 0.78
  freedom_independence: 0.762
  love_intimacy: 0.45
  self_realization: 0.536
  social_approval: 0.48000000000000004
  stability: 0.19599999999999998
  stable_relationships: 0.19599999999999998
