achiever: 0.24000000000000002
challenger: 0.2
enthusiast: 0.3
helper: 0.39999999999999997
individualist: 0.6599999999999999
investigator: 0.6
loyalist: 0.6000000000000001
peacemaker: 0.8200000000000001
reformer: 0.44
