achiever: 0.56
challenger: 0.6
enthusiast: 0.8200000000000001
helper: 0.8500000000000001
individualist: 0.76
investigator: 0.3666666666666667
loyalist: 0.4
peacemaker: 0.38000000000000006
reformer: 0.48
