achiever: 0.32
challenger: 0.25
enthusiast: 0.34
helper: 0.55
individualist: 0.64
investigator: 0.43333333333333335
loyalist: 0.6399999999999999
peacemaker: 0.74
reformer: 0.36000000000000004
