liking_tendency:
  attractive_expression: 0.22499999999999998
  emotional_resonance: 0.5
  friendliness: 0.3916666666666666
statement_bias:
  clarity_and_conciseness: 0.514
  intuitive_depth: 0.6
  logical_consistency: 0.526
  specificity_and_detail: 0.45333333333333325
trust_tendency:
  consistency: 0.5471428571428572
  honesty: 0.54625
  social_proof: 0.17200000000000001
