achiever: 0.28
challenger: 0.25
enthusiast: 0.33999999999999997
helper: 0.35
individualist: 0.6399999999999999
investigator: 0.6666666666666666
loyalist: 0.54
peacemaker: 0.78
reformer: 0.52
