liking_tendency:
  attractive_expression: 0.17500000000000002
  emotional_resonance: 0.12000000000000001
  friendliness: 0.14166666666666666
statement_bias:
  clarity_and_conciseness: 0.7020000000000001
  intuitive_depth: 0.6400000000000001
  logical_consistency: 0.678
  specificity_and_detail: 0.5800000000000001
trust_tendency:
  consistency: 0.7157142857142857
  honesty: 0.7112499999999999
  social_proof: 0.35200000000000004
