behavior_tendencies:
  adaptability: 0.55
  aggressive_behavior: 0.6960000000000001
  assertiveness: 0.764
  avoidant_behavior: 0.21200000000000002
  empathy: 0.632
  extroversion: 0.9
  introversion: 0.1
