achiever: 0.56
challenger: 0.6
enthusiast: 0.7000000000000001
helper: 0.8500000000000001
individualist: 0.64
investigator: 0.26666666666666666
loyalist: 0.4
peacemaker: 0.38000000000000006
reformer: 0.36000000000000004
