achiever: 0.5000000000000001
challenger: 0.45
enthusiast: 0.18
helper: 0.15000000000000002
individualist: 0.24
investigator: 0.6666666666666666
loyalist: 0.78
peacemaker: 0.6200000000000001
reformer: 0.5800000000000001
