achiever: 0.52
challenger: 0.55
enthusiast: 0.72
helper: 0.75
individualist: 0.6599999999999999
investigator: 0.36666666666666664
loyalist: 0.32
peacemaker: 0.39999999999999997
reformer: 0.44
