agent_liking_scores: {}
agent_trust_scores: {}
liking_tendency:
  attractive_expression: 0.875
  emotional_resonance: 0.8200000000000001
  friendliness: 0.8416666666666668
statement_bias:
  clarity_and_conciseness: 0.418
  intuitive_depth: 0.42999999999999994
  logical_consistency: 0.432
  specificity_and_detail: 0.42666666666666664
statement_history_count: 0
timestamp: '2025-08-01T01:50:06.110543'
trust_tendency:
  consistency: 0.3014285714285714
  honesty: 0.29874999999999996
  social_proof: 0.764
