achiever: 0.56
challenger: 0.6
enthusiast: 0.78
helper: 0.8500000000000001
individualist: 0.72
investigator: 0.3333333333333333
loyalist: 0.28
peacemaker: 0.38000000000000006
reformer: 0.44
