liking_tendency:
  attractive_expression: 0.32499999999999996
  emotional_resonance: 0.6
  friendliness: 0.4916666666666666
statement_bias:
  clarity_and_conciseness: 0.522
  intuitive_depth: 0.59
  logical_consistency: 0.538
  specificity_and_detail: 0.5066666666666667
trust_tendency:
  consistency: 0.6314285714285715
  honesty: 0.6224999999999999
  social_proof: 0.264
