achiever: 0.36000000000000004
challenger: 0.30000000000000004
enthusiast: 0.39999999999999997
helper: 0.44999999999999996
individualist: 0.7
investigator: 0.6333333333333334
loyalist: 0.56
peacemaker: 0.76
reformer: 0.56
