achiever: 0.5800000000000001
challenger: 0.55
enthusiast: 0.42
helper: 0.25
individualist: 0.36
investigator: 0.6999999999999998
loyalist: 0.52
peacemaker: 0.5
reformer: 0.7000000000000001
