liking_tendency:
  attractive_expression: 0.8500000000000001
  emotional_resonance: 0.74
  friendliness: 0.7833333333333332
statement_bias:
  clarity_and_conciseness: 0.418
  intuitive_depth: 0.42999999999999994
  logical_consistency: 0.432
  specificity_and_detail: 0.42666666666666664
trust_tendency:
  consistency: 0.3014285714285714
  honesty: 0.29874999999999996
  social_proof: 0.764
