achiever: 0.56
challenger: 0.6
enthusiast: 0.78
helper: 0.8
individualist: 0.6599999999999999
investigator: 0.3333333333333333
loyalist: 0.28
peacemaker: 0.33999999999999997
reformer: 0.44
