achiever: 0.52
challenger: 0.5
enthusiast: 0.34
helper: 0.35
individualist: 0.4
investigator: 0.6
loyalist: 0.6399999999999999
peacemaker: 0.5800000000000001
reformer: 0.56
