cognitive_bias:
  trust_tendency:
    social_proof: 0.34400000000000003
    honesty: 0.7549999999999999
    consistency: 0.7657142857142858
  liking_tendency:
    friendliness: 0.2
    emotional_resonance: 0.2
    attractive_expression: 0.2