agent_liking_scores: {}
agent_trust_scores: {}
liking_tendency:
  attractive_expression: 0.775
  emotional_resonance: 0.72
  friendliness: 0.7416666666666666
statement_bias:
  clarity_and_conciseness: 0.342
  intuitive_depth: 0.33999999999999997
  logical_consistency: 0.348
  specificity_and_detail: 0.5
statement_history_count: 0
timestamp: '2025-08-01T01:50:06.117873'
trust_tendency:
  consistency: 0.3685714285714286
  honesty: 0.37749999999999995
  social_proof: 0.688
