achiever: 0.52
challenger: 0.55
enthusiast: 0.64
helper: 0.75
individualist: 0.5800000000000001
investigator: 0.3
loyalist: 0.44
peacemaker: 0.39999999999999997
reformer: 0.36000000000000004
