desire_tendencies:
  adventure_stimulation: 0.7000000000000001
  freedom_independence: 0.72
  love_intimacy: 0.47500000000000003
  self_realization: 0.36
  social_approval: 0.55
  stability: 0.21200000000000002
  stable_relationships: 0.21200000000000002
