achiever: 0.5800000000000001
challenger: 0.55
enthusiast: 0.36
helper: 0.15000000000000002
individualist: 0.3
investigator: 0.7666666666666666
loyalist: 0.56
peacemaker: 0.52
reformer: 0.7400000000000001
