behavior_tendencies:
  adaptability: 0.5
  aggressive_behavior: 0.3400000000000001
  assertiveness: 0.26000000000000006
  avoidant_behavior: 0.788
  empathy: 0.36800000000000005
  extroversion: 0.1
  introversion: 0.9
