liking_tendency:
  attractive_expression: 0.125
  emotional_resonance: 0.18
  friendliness: 0.1583333333333333
statement_bias:
  clarity_and_conciseness: 0.7200000000000001
  intuitive_depth: 0.71
  logical_consistency: 0.71
  specificity_and_detail: 0.5133333333333333
trust_tendency:
  consistency: 0.7142857142857143
  honesty: 0.7000000000000001
  social_proof: 0.26000000000000006
