liking_tendency:
  attractive_expression: 0.375
  emotional_resonance: 0.31999999999999995
  friendliness: 0.3416666666666666
statement_bias:
  clarity_and_conciseness: 0.624
  intuitive_depth: 0.5900000000000001
  logical_consistency: 0.6159999999999999
  specificity_and_detail: 0.52
trust_tendency:
  consistency: 0.6328571428571428
  honesty: 0.62125
  social_proof: 0.472
