macro_belief:
  mbti:
    extroversion: 0.9
    introversion: 0.1
    sensing: 0.4
    intuition: 0.6
    thinking: 0.3
    feeling: 0.8
    judging: 0.4
    perceiving: 0.7
  enneagram:
    reformer: 0.44
    helper: 0.8500000000000001
    achiever: 0.56
    individualist: 0.72
    investigator: 0.3333333333333333
    loyalist: 0.28
    enthusiast: 0.78
    challenger: 0.6
    peacemaker: 0.38000000000000006
  cognitive_bias:
    statement_bias:
      logical_consistency: 0.432
      specificity_and_detail: 0.42666666666666664
      intuitive_depth: 0.42999999999999994
      clarity_and_conciseness: 0.418
    trust_tendency:
      social_proof: 0.764
      honesty: 0.29874999999999996
      consistency: 0.3014285714285714
    liking_tendency:
      friendliness: 0.8416666666666668
      emotional_resonance: 0.8200000000000001
      attractive_expression: 0.875
  desire_tendency:
    desire_tendencies:
      self_realization: 0.536
      social_approval: 0.48000000000000004
      stability: 0.21200000000000002
      love_intimacy: 0.47500000000000003
      freedom_independence: 0.762
      adventure_stimulation: 0.78
      stable_relationships: 0.21200000000000002
  behavior_tendency:
    behavior_tendencies:
      avoidant_behavior: 0.21200000000000002
      aggressive_behavior: 0.6960000000000001
      adaptability: 0.55
      introversion: 0.1
      extroversion: 0.9
      empathy: 0.632
      assertiveness: 0.764
meta:
  game_id: 01K253V0PVE2M2DYV4PJXFK04N
  agent: ミオ
  generated_at: '2025-08-08T15:12:28Z'
  code_version: 243ccaf
