achiever: 0.5800000000000001
challenger: 0.55
enthusiast: 0.28
helper: 0.15000000000000002
individualist: 0.22000000000000003
investigator: 0.7000000000000001
loyalist: 0.68
peacemaker: 0.52
reformer: 0.66
