agent_liking_scores: {}
agent_trust_scores: {}
liking_tendency:
  attractive_expression: 0.5
  emotional_resonance: 0.72
  friendliness: 0.6333333333333332
statement_bias:
  clarity_and_conciseness: 0.254
  intuitive_depth: 0.29
  logical_consistency: 0.266
  specificity_and_detail: 0.5533333333333333
statement_history_count: 0
timestamp: '2025-08-01T01:50:06.122039'
trust_tendency:
  consistency: 0.6171428571428571
  honesty: 0.6224999999999999
  social_proof: 0.384
