achiever: 0.36000000000000004
challenger: 0.30000000000000004
enthusiast: 0.36
helper: 0.6000000000000001
individualist: 0.6
investigator: 0.3666666666666667
loyalist: 0.6599999999999999
peacemaker: 0.68
reformer: 0.32
