achiever: 0.52
challenger: 0.5
enthusiast: 0.39999999999999997
helper: 0.2
individualist: 0.39999999999999997
investigator: 0.7666666666666666
loyalist: 0.5
peacemaker: 0.56
reformer: 0.7200000000000001
