macro_belief:
  role_social_duties:
    role: 人狼
    duties:
      note: role duties not found in config
  mbti:
    extroversion: 0.6
    introversion: 0.4
    sensing: 0.7
    intuition: 0.3
    thinking: 0.8
    feeling: 0.5
    judging: 0.7
    perceiving: 0.3
  enneagram:
    reformer: 0.5800000000000001
    helper: 0.55
    achiever: 0.7000000000000001
    individualist: 0.42
    investigator: 0.5
    loyalist: 0.5800000000000001
    enthusiast: 0.48
    challenger: 0.7
    peacemaker: 0.44
  cognitive_bias:
    statement_bias:
      logical_consistency: 0.5840000000000001
      specificity_and_detail: 0.58
      intuitive_depth: 0.51
      clarity_and_conciseness: 0.606
    trust_tendency:
      social_proof: 0.64
      honesty: 0.5987499999999999
      consistency: 0.6014285714285713
    liking_tendency:
      friendliness: 0.5416666666666666
      emotional_resonance: 0.52
      attractive_expression: 0.575
  desire_tendency:
    desire_tendencies:
      self_realization: 0.41200000000000003
      social_approval: 0.7
      stability: 0.41600000000000004
      love_intimacy: 0.47500000000000003
      freedom_independence: 0.594
      adventure_stimulation: 0.48
      stable_relationships: 0.41600000000000004
  behavior_tendency:
    behavior_tendencies:
      avoidant_behavior: 0.41600000000000004
      aggressive_behavior: 0.66
      adaptability: 0.65
      introversion: 0.4
      extroversion: 0.6
      empathy: 0.476
      assertiveness: 0.64
meta:
  game_id: 01K3DWX4DGSCFRYRGX0Y1T543M
  agent: Mizuki
  generated_at: '2025-08-24T11:20:07Z'
  code_version: 142f5bf
