achiever: 0.5
challenger: 0.55
enthusiast: 0.78
helper: 0.8500000000000001
individualist: 0.72
investigator: 0.3
loyalist: 0.28
peacemaker: 0.38000000000000006
reformer: 0.38
