macro_belief:
  role_social_duties:
    role: 人狼
    duties:
      note: role duties not found in config
  mbti:
    extroversion: 0.4
    introversion: 0.6
    sensing: 0.7
    intuition: 0.3
    thinking: 0.8
    feeling: 0.2
    judging: 0.8
    perceiving: 0.2
  enneagram:
    reformer: 0.6000000000000001
    helper: 0.30000000000000004
    achiever: 0.6400000000000001
    individualist: 0.24
    investigator: 0.5666666666666668
    loyalist: 0.6599999999999999
    enthusiast: 0.36
    challenger: 0.6000000000000001
    peacemaker: 0.44
  cognitive_bias:
    statement_bias:
      logical_consistency: 0.5900000000000001
      specificity_and_detail: 0.5933333333333334
      intuitive_depth: 0.53
      clarity_and_conciseness: 0.61
    trust_tendency:
      social_proof: 0.49600000000000005
      honesty: 0.7099999999999999
      consistency: 0.7171428571428572
    liking_tendency:
      friendliness: 0.2833333333333333
      emotional_resonance: 0.24000000000000002
      attractive_expression: 0.35000000000000003
  desire_tendency:
    desire_tendencies:
      self_realization: 0.42000000000000004
      social_approval: 0.67
      stability: 0.536
      love_intimacy: 0.45
      freedom_independence: 0.45999999999999996
      adventure_stimulation: 0.36
      stable_relationships: 0.536
  behavior_tendency:
    behavior_tendencies:
      avoidant_behavior: 0.536
      aggressive_behavior: 0.544
      adaptability: 0.5
      introversion: 0.6
      extroversion: 0.4
      empathy: 0.29600000000000004
      assertiveness: 0.49600000000000005
meta:
  game_id: 01K3FNYT3YH0SJNPMN6HH8H96F
  agent: Minako
  generated_at: '2025-08-25T03:57:12Z'
  code_version: 319f956
