desire_tendencies:
  adventure_stimulation: 0.28
  freedom_independence: 0.326
  love_intimacy: 0.5
  self_realization: 0.48800000000000004
  social_approval: 0.5700000000000001
  stability: 0.704
  stable_relationships: 0.704
