achiever: 0.54
challenger: 0.5
enthusiast: 0.28
helper: 0.2
individualist: 0.28
investigator: 0.6666666666666666
loyalist: 0.68
peacemaker: 0.56
reformer: 0.6200000000000001
