liking_tendency:
  attractive_expression: 0.8
  emotional_resonance: 0.8
  friendliness: 0.7999999999999999
statement_bias:
  clarity_and_conciseness: 0.35600000000000004
  intuitive_depth: 0.39999999999999997
  logical_consistency: 0.374
  specificity_and_detail: 0.42666666666666664
trust_tendency:
  consistency: 0.2842857142857143
  honesty: 0.28875
  social_proof: 0.664
