achiever: 0.4600000000000001
challenger: 0.5
enthusiast: 0.72
helper: 0.8
individualist: 0.72
investigator: 0.3333333333333333
loyalist: 0.32
peacemaker: 0.44000000000000006
reformer: 0.38
