behavior_tendencies:
  adaptability: 0.55
  aggressive_behavior: 0.6320000000000001
  assertiveness: 0.688
  avoidant_behavior: 0.29600000000000004
  empathy: 0.656
  extroversion: 0.8
  introversion: 0.2
