desire_tendencies:
  adventure_stimulation: 0.64
  freedom_independence: 0.6679999999999999
  love_intimacy: 0.5
  self_realization: 0.384
  social_approval: 0.56
  stability: 0.29600000000000004
  stable_relationships: 0.29600000000000004
