achiever: 0.52
challenger: 0.55
enthusiast: 0.64
helper: 0.8
individualist: 0.64
investigator: 0.3
loyalist: 0.44
peacemaker: 0.44000000000000006
reformer: 0.36000000000000004
