liking_tendency:
  attractive_expression: 0.275
  emotional_resonance: 0.43999999999999995
  friendliness: 0.3749999999999999
statement_bias:
  clarity_and_conciseness: 0.458
  intuitive_depth: 0.4800000000000001
  logical_consistency: 0.452
  specificity_and_detail: 0.5533333333333333
trust_tendency:
  consistency: 0.5657142857142857
  honesty: 0.58
  social_proof: 0.264
