achiever: 0.36000000000000004
challenger: 0.35
enthusiast: 0.28
helper: 0.35
individualist: 0.46
investigator: 0.5666666666666668
loyalist: 0.68
peacemaker: 0.6799999999999999
reformer: 0.44000000000000006
