agent_liking_scores: {}
agent_trust_scores: {}
liking_tendency:
  attractive_expression: 0.25
  emotional_resonance: 0.36
  friendliness: 0.3166666666666666
statement_bias:
  clarity_and_conciseness: 0.49
  intuitive_depth: 0.47
  logical_consistency: 0.48
  specificity_and_detail: 0.5933333333333333
statement_history_count: 0
timestamp: '2025-08-01T01:50:06.122264'
trust_tendency:
  consistency: 0.7328571428571429
  honesty: 0.7337499999999999
  social_proof: 0.304
