achiever: 0.45999999999999996
challenger: 0.4
enthusiast: 0.24
helper: 0.30000000000000004
individualist: 0.36
investigator: 0.5666666666666667
loyalist: 0.74
peacemaker: 0.64
reformer: 0.5
