liking_tendency:
  attractive_expression: 0.125
  emotional_resonance: 0.18
  friendliness: 0.1583333333333333
statement_bias:
  clarity_and_conciseness: 0.754
  intuitive_depth: 0.76
  logical_consistency: 0.746
  specificity_and_detail: 0.48
trust_tendency:
  consistency: 0.6471428571428571
  honesty: 0.6337499999999999
  social_proof: 0.25200000000000006
