achiever: 0.4800000000000001
challenger: 0.45
enthusiast: 0.33999999999999997
helper: 0.15000000000000002
individualist: 0.39999999999999997
investigator: 0.7999999999999999
loyalist: 0.54
peacemaker: 0.6200000000000001
reformer: 0.7200000000000001
