desire_tendencies:
  adventure_stimulation: 0.78
  freedom_independence: 0.744
  love_intimacy: 0.47500000000000003
  self_realization: 0.512
  social_approval: 0.45
  stability: 0.21200000000000002
  stable_relationships: 0.21200000000000002
