liking_tendency:
  attractive_expression: 0.875
  emotional_resonance: 0.8200000000000001
  friendliness: 0.8416666666666668
statement_bias:
  clarity_and_conciseness: 0.28400000000000003
  intuitive_depth: 0.29000000000000004
  logical_consistency: 0.29600000000000004
  specificity_and_detail: 0.4866666666666667
trust_tendency:
  consistency: 0.33571428571428574
  honesty: 0.34374999999999994
  social_proof: 0.748
