achiever: 0.52
challenger: 0.55
enthusiast: 0.7000000000000001
helper: 0.8500000000000001
individualist: 0.64
investigator: 0.23333333333333336
loyalist: 0.4
peacemaker: 0.38000000000000006
reformer: 0.32000000000000006
